OTU_68	Ca5501(LC140940)	91.566	83	5	2	113	194	476	557	3.77e-028	113
OTU_76	Ca5501(LC140940)	94.118	85	5	0	111	195	473	557	3.75e-033	130
OTU_121	Ca5501(LC140940)	89.024	82	9	0	138	219	476	557	8.70e-025	102
OTU_1078	Ec5001(LC140931)	100.000	385	0	0	1	385	1	385	0.0	712
OTU_1078	Ec5003(LC140933)	97.468	79	1	1	1	78	1	79	2.91e-034	134
OTU_1078	Ec5003(LC140933)	100.000	65	0	0	321	385	321	385	2.27e-030	121
OTU_1078	Ec5502(LC140937)	100.000	71	0	0	1	71	1	71	1.05e-033	132
OTU_1078	Ec5502(LC140937)	100.000	66	0	0	320	385	320	385	6.30e-031	122
OTU_1078	Ec5004(LC140934)	100.000	71	0	0	1	71	1	71	1.05e-033	132
OTU_1078	Ec5004(LC140934)	100.000	65	0	0	321	385	321	385	2.27e-030	121
OTU_1078	Ec6001(LC140938)	100.000	70	0	0	1	70	1	70	3.77e-033	130
OTU_1078	Ec6001(LC140938)	100.000	65	0	0	321	385	321	385	2.27e-030	121
OTU_1078	Ec5501(LC140936)	100.000	70	0	0	1	70	1	70	3.77e-033	130
OTU_1078	Ec5501(LC140936)	100.000	65	0	0	321	385	321	385	2.27e-030	121
OTU_1078	Ec5005(LC140935)	100.000	70	0	0	1	70	1	70	3.77e-033	130
OTU_1078	Ec5005(LC140935)	100.000	66	0	0	320	385	320	385	6.30e-031	122
OTU_1078	Ec5002(LC140932)	100.000	70	0	0	1	70	1	70	3.77e-033	130
OTU_1078	Ec5002(LC140932)	100.000	65	0	0	321	385	321	385	2.27e-030	121
OTU_1078	Ca5501(LC140940)	98.276	58	1	0	321	378	318	375	8.21e-025	102
OTU_1078	Ga5501(LC140941)	92.188	64	5	0	321	384	306	369	1.78e-021	91.6
