OTU_1078	Ec5001(LC140931)	100.000	385	0	0	1	385	1	385	0.0	712
OTU_1078	Ec5003(LC140933)	100.000	65	0	0	321	385	321	385	2.27e-030	121
OTU_1078	Ec5502(LC140937)	100.000	71	0	0	1	71	1	71	1.05e-033	132
OTU_1078	Ec5502(LC140937)	100.000	66	0	0	320	385	320	385	6.30e-031	122
OTU_1078	Ec5004(LC140934)	100.000	71	0	0	1	71	1	71	1.05e-033	132
OTU_1078	Ec5004(LC140934)	100.000	65	0	0	321	385	321	385	2.27e-030	121
OTU_1078	Ec6001(LC140938)	100.000	70	0	0	1	70	1	70	3.77e-033	130
OTU_1078	Ec6001(LC140938)	100.000	65	0	0	321	385	321	385	2.27e-030	121
OTU_1078	Ec5501(LC140936)	100.000	70	0	0	1	70	1	70	3.77e-033	130
OTU_1078	Ec5501(LC140936)	100.000	65	0	0	321	385	321	385	2.27e-030	121
OTU_1078	Ec5005(LC140935)	100.000	70	0	0	1	70	1	70	3.77e-033	130
OTU_1078	Ec5005(LC140935)	100.000	66	0	0	320	385	320	385	6.30e-031	122
OTU_1078	Ec5002(LC140932)	100.000	70	0	0	1	70	1	70	3.77e-033	130
OTU_1078	Ec5002(LC140932)	100.000	65	0	0	321	385	321	385	2.27e-030	121
OTU_1078	Ca5501(LC140940)	98.276	58	1	0	321	378	318	375	8.21e-025	102
